Latitud,Longitud
4.6321366,-74.0606555
4.6321366,-74.0606555
10.9226828,-74.81463219999999
10.9226828,-74.81463219999999
10.9567055,-74.836117
10.9567055,-74.836117
,
,
4.635676399999999,-74.05987549999999
4.635676399999999,-74.05987549999999
4.6322594,-74.0606153
4.6322594,-74.0606153
10.9254521,-74.8221411
10.9254521,-74.8221411
10.9289256,-74.8295267
10.9774142,-74.8361102
10.9774142,-74.8361102
10.9567055,-74.836117
10.9567055,-74.836117
10.9556367,-74.8060769
10.9556367,-74.8060769
10.9579416,-74.8042954
10.9579416,-74.8042954
4.6866631,-74.0552423
4.6866631,-74.0552423
10.9991489,-74.8369967
10.9991489,-74.8369967
3.4180694,-76.4786242
3.4180694,-76.4786242
6.1985955,-75.5677327
6.1985955,-75.5677327
4.625573,-74.1001928
4.625573,-74.1001928
10.9953478,-74.8066785
10.9953478,-74.8066785
,
4.5814024,-74.0842688
4.5814024,-74.0842688
7.085584,-73.1047574
7.085584,-73.1047574
,
,
,
,
-11.8704028,-77.1182202
-11.8704028,-77.1182202
-11.8704028,-77.1182202
-11.8704028,-77.1182202
-11.8704028,-77.1182202
3.4532655,-76.5237061
3.4532655,-76.5237061
4.6144041,-74.0722541
10.9369506,-74.7818201
10.9369506,-74.7818201
10.9784885,-74.7759899
10.9835482,-74.7758895
10.9835482,-74.7758895
10.9435326,-74.78372610000001
10.9435326,-74.78372610000001
10.9435326,-74.78372610000001
,
,
,
,
,
,
,
,
,
10.0749221,-69.3306547
10.0749221,-69.3306547
18.5005528,-69.9254257
18.5005528,-69.9254257
10.0644995,-69.3357833
10.0644995,-69.3357833
,
10.0652939,-69.336878
10.0652939,-69.336878
,
,
,
,
,
10.9358305,-74.8104499
10.9358305,-74.8104499
10.965823,-74.8016128
10.965823,-74.8016128
4.652489,-74.0809869
4.652489,-74.0809869
4.652489,-74.0809869
,
,
,
10.9848474,-74.8008643
10.9848474,-74.8008643
,
,
10.9986952,-74.7986263
10.9986952,-74.7986263
4.7019383,-74.1145784
4.7019383,-74.1145784
,
4.6891726,-74.0902895
4.6891726,-74.0902895
,
,
10.9790314,-74.821148
4.6674356,-74.0565647
4.6674356,-74.0565647
11.0073463,-74.81603009999999
11.0073463,-74.81603009999999
3.4435691,-76.5342926
3.4435691,-76.5342926
10.9887619,-74.8290903
11.0000375,-74.8219158
11.0000375,-74.8219158
11.0102024,-74.8151565
11.0022158,-74.821114
11.0022158,-74.821114
11.0022158,-74.821114
11.0072921,-74.8182891
11.014703,-74.8173178
11.014703,-74.8173178
11.015294,-74.8179064
11.015294,-74.8179064
11.0119189,-74.8237848
4.68279,-74.06524759999999
4.68279,-74.06524759999999
4.6794961,-74.0505298
4.6794961,-74.0505298
4.684304,-74.0710663
4.684304,-74.0710663
,
,
4.637732,-74.065503
4.637732,-74.065503
4.637732,-74.065503
4.637732,-74.065503
10.9228263,-74.8052475
10.9228263,-74.8052475
,
,
,
,
,
3.4387166,-76.5049979
3.4387166,-76.5049979
,
,
4.6568722,-74.0732153
4.6568722,-74.0732153
5.3238265,-72.3850985
5.3238265,-72.3850985
,
,
10.9968087,-74.8100681
10.957286,-74.891784
10.957286,-74.891784
,
4.649044099999999,-74.0647352
4.649044099999999,-74.0647352
,
10.9870306,-74.8006254
,
,
6.2420439,-75.56720709999999
11.001407,-74.8175621
11.001407,-74.8175621
14.5743127,-90.5629456
14.5743127,-90.5629456
,
,
10.9954437,-74.8069612
10.9954437,-74.8069612
,
,
3.419266,-76.5634227
3.419266,-76.5634227
11.0073936,-74.8207019
,
,
4.6851115,-74.092674
4.6851115,-74.092674
11.0162553,-74.82241189999999
11.0162553,-74.82241189999999
11.0105613,-74.81196349999999
11.0105613,-74.81196349999999
11.0128521,-74.8162237
11.0128521,-74.8162237
,
,
,
40.7780641,-73.9521899
40.7780641,-73.9521899
4.699062,-74.0314635
4.699062,-74.0314635
4.8523729,-74.26171409999999
4.8523729,-74.26171409999999
4.6674356,-74.0565647
4.6674356,-74.0565647
,
,
,
4.6916731,-74.0589694
4.6916731,-74.0589694
7.11931,-73.1214239
7.11931,-73.1214239
,
,
11.0024667,-74.8173095
,
,
,
,
,
10.9906661,-74.7798054
,
,
11.0075194,-74.79030890000001
11.0075194,-74.79030890000001
10.9712404,-74.8108971
10.9712404,-74.8108971
10.9712404,-74.8108971
10.9524434,-74.810017
10.9524434,-74.810017
10.9226828,-74.81463219999999
10.9226828,-74.81463219999999
4.6321366,-74.0606555
4.6321366,-74.0606555
3.4204404,-76.5531427
3.4204404,-76.5531427
3.4204404,-76.5531427
10.9468938,-74.8334301
10.9468938,-74.8334301
4.807990999999999,-75.6832232
4.807990999999999,-75.6832232
10.9468938,-74.8334301
10.9598064,-74.80162279999999
10.9598064,-74.80162279999999
,
,
,
3.4204404,-76.5531427
3.4204404,-76.5531427
10.9567055,-74.836117
10.9567055,-74.836117
4.6321366,-74.0606555
4.6878086,-74.058438
4.6878086,-74.058438
4.6893993,-74.04674779999999
,
,
4.6934904,-74.0441842
4.6934904,-74.0441842
,
,
,
,
,
,
,
,
-11.8704028,-77.1182202
-11.8704028,-77.1182202
-11.8704028,-77.1182202
-11.8704028,-77.1182202
,
,
,
18.5209344,-69.8201816
18.5209344,-69.8201816
4.0880332,-76.2113655
10.9610879,-74.7847396
10.9610879,-74.7847396
10.9788456,-74.7755617
,
,
10.9369506,-74.7818201
10.9369506,-74.7818201
10.9761797,-74.7772688
10.9761797,-74.7772688
10.9908161,-74.8056504
10.9515289,-74.7861925
10.9515289,-74.7861925
3.4435691,-76.5342926
3.4435691,-76.5342926
,
,
,
,
,
,
,
,
4.637732,-74.065503
4.637732,-74.065503
6.2321288,-75.5614018
6.2321288,-75.5614018
,
,
,
,
,
,
,
,
,
,
4.6277716,-74.0768878
4.6270468,-74.070612
4.6270468,-74.070612
6.1985955,-75.5677327
3.4172285,-76.5058506
3.4172285,-76.5058506
,
10.0653771,-69.33584139999999
10.0653771,-69.33584139999999
6.235633,-75.5510706
6.235633,-75.5510706
4.6355833,-74.0740721
4.6355833,-74.0740721
,
,
20.9774261,-89.6328485
20.9774261,-89.6328485
5.073471,-75.4946528
5.073471,-75.4946528
5.073471,-75.4946528
4.6346591,-74.0637705
4.6346591,-74.0637705
4.6346591,-74.0637705
4.6346591,-74.0637705
10.0641211,-69.3407756
10.0641211,-69.3407756
4.6380938,-74.0705056
4.6380938,-74.0705056
4.639971399999999,-74.0756552
4.639971399999999,-74.0756552
10.9426348,-74.80713639999999
10.9872411,-74.7916211
10.9872411,-74.7916211
,
,
20.9901839,-89.6149952
20.9901839,-89.6149952
10.0565093,-69.3512411
10.0565093,-69.3512411
4.6671909,-74.0829502
4.6671909,-74.0829502
4.656008,-74.0656517
4.6462465,-74.1091444
4.6462465,-74.1091444
4.6597153,-74.0705924
4.6597153,-74.0705924
10.9758049,-74.8099314
11.007786,-74.8039051
11.007786,-74.8039051
10.9707553,-74.810969
10.9707553,-74.810969
4.6714536,-74.0779507
4.6714536,-74.0779507
,
4.6875888,-74.0905606
,
,
10.9899446,-74.822559
10.9899446,-74.822559
4.6920956,-74.0857592
4.6920956,-74.0857592
4.6674356,-74.0565647
4.6674356,-74.0565647
11.0102435,-74.81122239999999
11.0102435,-74.81122239999999
3.4217461,-76.4823242
10.9936381,-74.8217507
10.9936381,-74.8217507
,
,
11.0009844,-74.8157758
11.0009844,-74.8157758
11.0102024,-74.8151565
11.0122192,-74.8136675
11.0122192,-74.8136675
,
,
18.4037563,-65.9633375
4.6719051,-74.0468119
4.6719051,-74.0468119
11.015294,-74.8179064
11.015294,-74.8179064
10.9975744,-74.8305097
10.9975744,-74.8305097
,
10.9640784,-74.83229759999999
10.9640784,-74.83229759999999
4.637732,-74.065503
4.637732,-74.065503
,
,
3.4809956,-76.5174181
10.9230761,-74.8008722
10.9230761,-74.8008722
,
,
,
,
10.5159055,-71.6954269
10.5159055,-71.6954269
10.065175,-69.3269447
4.5945609,-74.0714632
4.5945609,-74.0714632
,
,
10.0653771,-69.33584139999999
10.0653771,-69.33584139999999
14.6297254,-90.5236351
14.6297254,-90.5236351
10.9642931,-74.7962562
10.9642931,-74.7962562
,
,
,
4.6706101,-74.0642541
4.6706101,-74.0642541
40.7475461,14.4952251
40.7475461,14.4952251
,
6.209135,-75.566654
6.209135,-75.566654
10.9813395,-74.8414684
10.9813395,-74.8414684
4.7272889,-74.076729
4.7272889,-74.076729
,
,
10.9835238,-74.80410820000002
10.9835238,-74.80410820000002
10.9828499,-74.8342722
10.9828499,-74.8342722
4.7272889,-74.076729
4.7272889,-74.076729
4.7272889,-74.076729
,
,
,
,
10.9940217,-74.8157121
10.9940217,-74.8157121
4.625573,-74.1001928
4.625573,-74.1001928
4.625573,-74.1001928
,
10.9989125,-74.8166024
,
8.985835,-79.514105
8.985835,-79.514105
,
10.9857315,-74.7769683
10.9857315,-74.7769683
10.9993076,-74.80863710000001
10.9993076,-74.80863710000001
10.928672,-74.8147471
3.419266,-76.5634227
3.419266,-76.5634227
,
,
6.2819622,-75.5624648
,
,
11.0109828,-74.8109676
11.0109828,-74.8109676
11.004006,-74.7971831
11.004006,-74.7971831
,
,
10.9474349,-74.7826127
10.9474349,-74.7826127
,
,
4.8523729,-74.26171409999999
4.8523729,-74.26171409999999
4.8523729,-74.26171409999999
4.8523729,-74.26171409999999
,
,
4.6947594,-74.0878288
4.6947594,-74.0878288
4.6947594,-74.0878288
,
,
6.2321288,-75.5614018
6.2321288,-75.5614018
10.9850808,-74.8228613
10.9850808,-74.8228613
10.9856434,-74.8126623
10.9856434,-74.8126623
,
,
11.0202501,-74.83917610000002
11.0202501,-74.83917610000002
11.0202501,-74.83917610000002
11.0202501,-74.83917610000002
,
,
10.3932277,-75.4832311
10.3932277,-75.4832311
10.9472125,-74.8334642
10.9472125,-74.8334642
4.6321366,-74.0606555
10.9487976,-74.8338436
4.6322594,-74.0606153
10.9226828,-74.81463219999999
10.9226828,-74.81463219999999
10.9241618,-74.8194184
10.9241618,-74.8194184
4.6321366,-74.0606555
10.995709,-74.8391889
10.995709,-74.8391889
4.6321366,-74.0606555
4.6321366,-74.0606555
10.9474791,-74.8164926
10.9474791,-74.8164926
-11.9372833,-77.0799236
-11.9372833,-77.0799236
,
,
,
,
4.637732,-74.065503
4.637732,-74.065503
4.637732,-74.065503
,
,
,
,
,
,
,
,
,
,
,
,
4.4349637,-75.2355676
,
4.722377499999999,-74.05450929999999
4.722377499999999,-74.05450929999999
,
,
,
-11.8704028,-77.1182202
-11.8704028,-77.1182202
,
-11.8704028,-77.1182202
-11.8704028,-77.1182202
,
,
,
,
10.948968,-74.78531989999999
10.948968,-74.78531989999999
10.963379,-74.783424
10.9750155,-74.7779005
10.9761797,-74.7772688
10.9761797,-74.7772688
10.9908161,-74.8056504
10.9825329,-74.7754351
10.9825329,-74.7754351
4.5857085,-74.1261802
4.5857085,-74.1261802
10.9706479,-74.7802456
,
,
10.0765846,-69.32348449999999
10.0765846,-69.32348449999999
6.2321288,-75.5614018
7.1206415,-73.1209489
7.1206415,-73.1209489
7.1206415,-73.1209489
10.8995855,-74.7790194
10.0682718,-69.3245424
10.0682718,-69.3245424
,
,
,
,
10.9649561,-74.7887767
10.9649561,-74.7887767
5.3238265,-72.3850985
5.3238265,-72.3850985
18.5056944,-69.9073516
18.5056944,-69.9073516
18.5071014,-69.9065208
,
10.9612996,-74.7932724
10.9612996,-74.7932724
18.4842508,-69.9270007
18.4842508,-69.9270007
10.9533262,-74.7977884
,
,
10.9251476,-74.8060935
10.9251476,-74.8060935
6.251043,-75.578218
6.251043,-75.578218
4.6388471,-74.0691888
4.6388471,-74.0691888
,
,
,
6.2599893,-75.5796802
6.2599893,-75.5796802
6.2453653,-75.5616633
,
,
19.843618,-90.5372294
19.843618,-90.5372294
19.8436145,-90.53717280000001
10.967361,-74.7700077
10.967361,-74.7700077
10.9962435,-74.7941046
10.9962435,-74.7941046
10.968688,-74.80733150000002
,
6.2527513,-75.5597898
4.6625156,-74.06650309999999
4.6579,-74.05733
4.6579,-74.05733
10.966076,-74.8168542
10.987634,-74.81211309999999
11.0029041,-74.8024415
11.0029041,-74.8024415
,
,
4.6907029,-74.09242909999999
4.6907029,-74.09242909999999
,
,
4.6669518,-74.0652353
10.9880556,-74.822304
10.9880556,-74.822304
10.9880556,-74.822304
10.9880556,-74.822304
10.9991116,-74.8222857
11.00569,-74.8215348
11.00569,-74.8215348
10.958247,-74.8250156
10.958247,-74.8250156
,
,
,
11.0137988,-74.8263181
6.2431376,-75.5688941
4.5760062,-74.1183535
4.5760062,-74.1183535
10.9228188,-74.8028465
10.9228188,-74.8028465
4.6326601,-74.0676599
10.0644275,-69.3367908
10.0644275,-69.3367908
,
10.9591509,-74.7975827
10.9591509,-74.7975827
14.6294403,-90.5217586
,
,
,
,
,
7.1007035,-73.1224891
7.1007035,-73.1224891
10.9697778,-74.7993109
10.9697778,-74.7993109
4.8027633,-75.73878420000001
4.8027633,-75.73878420000001
,
,
10.9991489,-74.8369967
10.9991489,-74.8369967
4.6213301,-74.0968564
4.6213301,-74.0968564
20.9901883,-89.6149928
20.9901883,-89.6149928
6.2649189,-75.5529759
6.2649189,-75.5529759
10.9799677,-74.7812785
10.9799677,-74.7812785
10.9928412,-74.8113844
,
,
3.4133141,-76.5260236
,
,
10.9811876,-74.7752926
10.9771576,-74.810555
10.9771576,-74.810555
,
,
,
,
,
11.0003459,-74.812812
11.0003459,-74.812812
,
,
,
11.0162216,-74.8285231
11.0162216,-74.8285231
11.007786,-74.8039051
11.007786,-74.8039051
,
,
4.6746003,-74.0783357
,
,
4.6462465,-74.1091444
4.6889793,-74.0347706
4.6889793,-74.0347706
,
,
,
10.9267109,-74.8143777
10.9267109,-74.8143777
,
10.9596361,-74.854254
10.9596361,-74.854254
10.9226828,-74.81463219999999
10.9226828,-74.81463219999999
,
,
10.9586342,-74.7909437
4.6352896,-74.0723226
4.6352896,-74.0723226
10.939256,-74.817802
10.939256,-74.817802
11.0161065,-74.7953998
11.0161065,-74.7953998
11.0263731,-74.8037791
11.0263731,-74.8037791
11.0263731,-74.8037791
11.0161065,-74.7953998
11.0161065,-74.7953998
,
,
11.0230614,-74.8009141
11.0230614,-74.8009141
4.642238799999999,-74.0560177
10.9567055,-74.836117
10.9230751,-74.8075115
10.9230751,-74.8075115
4.6321366,-74.0606555
4.6321366,-74.0606555
10.9640235,-74.7930343
10.9640235,-74.7930343
,
,
,
,
10.957286,-74.891784
10.9819692,-74.8323391
10.9819692,-74.8323391
4.637732,-74.065503
,
,
18.423928,-65.97588
,
,
11.0003022,-74.8072029
11.0003022,-74.8072029
,
,
,
,
,
,
,
,
4.7272889,-74.076729
4.7272889,-74.076729
,
-11.8704028,-77.1182202
-11.8704028,-77.1182202
-11.8704028,-77.1182202
10.9780346,-74.7764092
10.9780346,-74.7764092
10.9622783,-74.7839898
10.9622783,-74.7839898
9.5428742,-69.2079187
9.5428742,-69.2079187
3.419266,-76.5634227
10.9468954,-74.78472099999999
10.9468954,-74.78472099999999
10.9468954,-74.78472099999999
10.0682718,-69.3245424
10.0682718,-69.3245424
4.6270468,-74.070612
4.6270468,-74.070612
5.318789,-72.4106578
5.318789,-72.4106578
6.2393319,-75.5648595
6.2393319,-75.5648595
,
,
,
,
,
4.63166,-74.06537
4.63166,-74.06537
,
,
,
,
5.073471,-75.4946528
5.073471,-75.4946528
5.073471,-75.4946528
20.976887,-89.598949
20.976887,-89.598949
20.976887,-89.598949
20.976887,-89.598949
10.9635961,-74.7956311
10.9635961,-74.7956311
,
7.7462853,-72.22877369999999
7.7462853,-72.22877369999999
10.9964909,-74.7885083
10.9964909,-74.7885083
10.9672499,-74.8010439
10.9672499,-74.8010439
6.2475527,-75.5575061
6.2475527,-75.5575061
,
,
,
,
,
,
4.690424,-74.0458328
,
,
10.9829765,-74.8022261
10.9829765,-74.8022261
4.665365299999999,-74.0774366
4.665365299999999,-74.0774366
10.9712404,-74.81089709999999
,
,
10.9771576,-74.810555
10.9771576,-74.810555
4.6669518,-74.0652353
4.6669518,-74.0652353
4.6941722,-74.09292719999999
4.6941722,-74.09292719999999
11.0169187,-74.8051101
11.0169187,-74.8051101
10.9971593,-74.8154869
10.9971593,-74.8154869
10.9977293,-74.81511019999999
10.9977293,-74.81511019999999
4.6657586,-74.0545428
4.6657586,-74.0545428
11.0086461,-74.8117158
11.0086461,-74.8117158
,
,
11.0119004,-74.8107981
11.0119004,-74.8107981
,
,
10.9977558,-74.8232876
10.9977558,-74.8232876
11.0009844,-74.8157758
11.0009844,-74.8157758
11.0049151,-74.8198862
11.0049151,-74.8198862
4.679391400000001,-74.0665824
4.679391400000001,-74.0665824
,
,
18.4042,-65.961927
4.684304,-74.0710663
4.684304,-74.0710663
,
,
,
,
,
10.9230761,-74.8008679
10.9230761,-74.8008679
10.9228188,-74.8028465
10.9228188,-74.8028465
4.6590986,-74.06166189999999
4.6590986,-74.06166189999999
4.6822762,-74.049088
4.6822762,-74.049088
4.6346591,-74.0637705
4.6346591,-74.0637705
4.6502212,-74.0705862
4.6632044,-74.0753419
10.9701407,-74.821491
,
,
,
,
4.650930499999999,-74.0717997
4.650930499999999,-74.0717997
,
,
,
,
,
,
,
4.6575872,-74.0728507
4.6575872,-74.0728507
6.2321288,-75.5614018
6.2321288,-75.5614018
,
,
10.9812108,-74.79263569999999
20.9577837,-89.60745159999999
20.9577837,-89.60745159999999
,
,
4.0996135,-73.6494415
4.0996135,-73.6494415
,
,
10.9839897,-74.8063234
10.9839897,-74.8063234
6.2647472,-75.5499761
6.2647472,-75.5499761
-2.2237943,-79.9375534
-2.2237943,-79.9375534
10.9825211,-74.79230299999999
10.9825211,-74.79230299999999
10.985694,-74.7998202
10.985694,-74.7998202
10.9937509,-74.8137955
10.9937509,-74.8137955
4.625573,-74.1001928
4.625573,-74.1001928
,
,
,
,
4.6663781,-74.0573908
4.6663781,-74.0573908
,
,
,
10.9918127,-74.80512879999999
10.9918127,-74.80512879999999
,
,
,
10.9954488,-74.80782769999999
,
4.6779804,-74.07352689999999
4.6779804,-74.07352689999999
6.323741999999999,-75.5576048
6.323741999999999,-75.5576048
11.0170072,-74.8597631
11.0170072,-74.8597631
10.9963538,-74.8215387
10.9963538,-74.8215387
20.9578612,-89.6037321
20.9578612,-89.6037321
11.0147834,-74.8176241
40.79824869999999,-73.9526544
40.79824869999999,-73.9526544
4.658780699999999,-74.0529007
4.658780699999999,-74.0529007
,
,
,
,
,
4.6710502,-74.0701142
10.9297466,-74.79565079999999
,
,
,
,
10.9625009,-74.7878956
10.9625009,-74.7878956
10.9854212,-74.8305217
,
,
18.4019313,-65.9621519
18.4019313,-65.9621519
11.0019657,-74.7847716
11.0019657,-74.7847716
,
,
4.6321366,-74.0606555
10.9567055,-74.836117
4.6321366,-74.0606555
4.6321366,-74.0606555
11.0029192,-74.7857274
11.0029192,-74.7857274
10.995709,-74.8391889
10.995709,-74.8391889
-11.9372833,-77.0799236
10.9598064,-74.80162279999999
10.9598064,-74.80162279999999
10.9598064,-74.80162279999999
10.9942345,-74.7809509
10.9942345,-74.7809509
,
,
,
,
,
6.225467,-75.570139
6.225467,-75.570139
18.423928,-65.97588
6.2875122,-75.576811
6.2875122,-75.576811
4.6907251,-74.0382399
,
,
10.9822982,-74.8376585
10.9822982,-74.8376585
7.085584,-73.1047574
7.085584,-73.1047574
,
,
10.9850808,-74.8228613
10.9850808,-74.8228613
,
,
,
,
,
,
-11.8704028,-77.1182202
,
,
,
,
,
18.140687,-65.836575
18.140687,-65.836575
18.5209344,-69.8201816
18.5209344,-69.8201816
,
,
,
,
,
,
10.950999,-74.78558819999999
10.950999,-74.78558819999999
10.9739542,-74.778435
10.9515289,-74.7861925
10.9652382,-74.78276610000002
10.9652382,-74.78276610000002
4.6822503,-74.0491008
4.6822503,-74.0491008
10.9468954,-74.78472099999999
6.2321288,-75.5614018
6.2321288,-75.5614018
,
,
4.6292144,-74.0681672
4.6292144,-74.0681672
6.239680700000001,-75.5591717
6.239680700000001,-75.5591717
,
10.0735657,-69.3365888
3.4435691,-76.5342926
3.4435691,-76.5342926
10.9655231,-74.7955326
10.9655231,-74.7955326
10.9533262,-74.7977884
10.9533262,-74.7977884
20.9774238,-89.6328364
20.9774235,-89.6328352
20.976887,-89.598949
20.976887,-89.598949
5.073471,-75.4946528
5.073471,-75.4946528
10.9274713,-74.8076959
10.9274713,-74.8076959
8.9843893,-79.51553899999999
8.9843893,-79.51553899999999
4.6388471,-74.0691888
4.6405223,-74.0789028
4.6405223,-74.0789028
10.9535721,-74.8051644
10.9535721,-74.8051644
4.6457506,-74.0842217
,
,
6.2474864,-75.5520682
6.2474864,-75.5520682
10.9861852,-74.791924
10.9861852,-74.791924
4.6760655,-74.0467558
,
,
20.9901907,-89.6149915
20.9901907,-89.6149915
20.9641746,-89.6236794
20.9641746,-89.6236794
10.9591564,-74.8092769
10.9986952,-74.7986263
10.9986952,-74.7986263
,
,
10.972705,-74.8105866
10.972705,-74.8105866
7.085584,-73.1047574
4.6851115,-74.092674
4.6851115,-74.092674
11.0000996,-74.8000256
10.9903936,-74.80861159999999
10.9903936,-74.80861159999999
11.0029041,-74.8024415
11.0029041,-74.8024415
11.0029041,-74.8024415
4.6669518,-74.0652353
10.9880082,-74.820844
10.9880082,-74.820844
,
,
,
,
11.0109828,-74.8109676
11.0109828,-74.8109676
11.0102435,-74.8112224
11.0102435,-74.8112224
3.4369064,-76.4703408
3.4369064,-76.4703408
10.9976799,-74.8204842
10.9976799,-74.8204842
11.0014671,-74.82136799999999
11.0014671,-74.82136799999999
11.0009844,-74.8157758
11.0009844,-74.8157758
11.0154941,-74.81132819999999
11.0154941,-74.81132819999999
,
,
,
,
18.4037563,-65.9633375
11.0137988,-74.8263181
11.0137988,-74.8263181
,
,
,
,
,
,
,
4.662218999999999,-74.05969999999999
4.662218999999999,-74.05969999999999
10.922778,-74.8061823
,
,
,
,
20.6394015,-87.0724715
20.6394015,-87.0724715
,
,
20.9774257,-89.6328462
20.9774257,-89.6328462
20.976887,-89.598949
20.976887,-89.598949
,
,
19.8433326,-90.5371492
19.8433326,-90.5371492
10.9843043,-74.8093038
10.9843043,-74.8093038
,
,
,
,
20.9577837,-89.60745159999999
4.6945301,-74.0492346
4.6945301,-74.0492346
6.2771935,-75.5767
6.2771935,-75.5767
10.9387459,-74.80422399999999
,
,
3.4133633,-76.5260959
6.2527513,-75.5597898
6.2527513,-75.5597898
,
,
4.6457506,-74.0842217
19.8424874,-90.5365874
19.8424874,-90.5365874
14.5743127,-90.5629456
11.0006369,-74.8167568
11.0006369,-74.8167568
10.9857315,-74.7769683
10.9857315,-74.7769683
6.2758452,-75.555412
6.1518273,-75.620637
6.1518273,-75.620637
,
,
7.112212,-73.102772
7.112212,-73.102772
11.0110605,-74.82935189999999
11.0110605,-74.82935189999999
6.274571799999999,-75.5645452
6.274571799999999,-75.5645452
,
,
20.9901967,-89.61498809999999
20.9901967,-89.61498809999999
20.9901967,-89.61498809999999
20.9901967,-89.61498809999999
11.0112438,-74.8115169
,
,
,
,
10.9524434,-74.810017
10.9524434,-74.810017
,
,
,
,
,
,
,
,
6.1520966,-75.61439279999999
10.9876595,-74.7857702
10.9876595,-74.7857702
43.6175918,-116.2065807
43.6175918,-116.2065807
10.9998733,-74.8138565
,
11.0161065,-74.7953998
11.0161065,-74.7953998
11.0078843,-74.7905048
11.0078843,-74.7905048
11.0263731,-74.8037791
11.0263731,-74.8037791
11.0012577,-74.78435
11.0012577,-74.78435
,
,
11.0161065,-74.7953998
11.0161065,-74.7953998
10.9942345,-74.7809509
10.9942345,-74.7809509
10.9942345,-74.7809509
,
,
10.9567055,-74.836117
10.9567055,-74.836117
-11.9372833,-77.0799236
-11.9372833,-77.0799236
11.0327339,-74.8127549
10.9712404,-74.8108971
10.9712404,-74.8108971
10.9543408,-74.83545219999999
10.9543408,-74.83545219999999
10.9256595,-74.7990727
6.2099626,-75.5685287
,
,
,
,
,
,
,
,
,
4.637732,-74.065503
10.9511312,-74.8332813
10.9500886,-74.8306656
10.9500886,-74.8306656
,
,
3.4184737,-76.5248734
3.4184737,-76.5248734
11.0170072,-74.8597631
11.0170072,-74.8597631
11.0170072,-74.8597631
6.209135,-75.566654
6.209135,-75.566654
10.992661,-74.8437029
10.992661,-74.8437029
3.4327522,-76.499827
3.4327522,-76.499827
-11.8704028,-77.1182202
-11.8704028,-77.1182202
,
,
,
,
,
,
,
,
,
,
,
10.9515289,-74.7861925
10.9515289,-74.7861925
7.1206415,-73.1209489
7.1206415,-73.1209489
3.4340902,-76.5034886
,
,
6.2408642,-75.5637556
18.4842508,-69.9270007
,
,
,
,
,
,
,
,
4.6343346,-74.0774192
4.6343346,-74.0774192
20.976887,-89.598949
20.976887,-89.598949
6.251043,-75.578218
,
,
,
6.2418504,-75.5532645
4.6395186,-74.0729887
4.6395186,-74.0729887
4.6395186,-74.0729887
4.6388471,-74.0691888
4.648131999999999,-74.0875792
4.648131999999999,-74.0875792
10.9668796,-74.8010992
10.9668796,-74.8010992
10.9668796,-74.8010992
10.974213,-74.7975464
10.9668796,-74.8010992
10.9668796,-74.8010992
10.9682144,-74.8002887
10.9682144,-74.8002887
,
,
3.3960065,-76.5053913
3.3960065,-76.5053913
20.9901831,-89.6149957
20.9901831,-89.6149957
,
,
,
10.9658905,-74.8109025
10.9658905,-74.8109025
4.6462465,-74.1091444
4.6462465,-74.1091444
10.9943499,-74.8054738
10.9943499,-74.8054738
4.6715428,-74.0736841
4.6715428,-74.0736841
4.6620911,-74.0576621
4.6620911,-74.0576621
10.9968087,-74.81006810000001
10.9968087,-74.81006810000001
10.9968087,-74.81006810000001
10.9968087,-74.81006810000001
11.0004891,-74.8082191
11.0004891,-74.8082191
,
,
10.9957165,-74.8162959
10.9957165,-74.8162959
4.694337,-74.0877705
4.694337,-74.0877705
4.6975544,-74.0929
11.0102435,-74.8112224
11.0102435,-74.8112224
11.01311,-74.8100125
11.01311,-74.8100125
11.0087609,-74.8139834
11.0087609,-74.8139834
11.0105613,-74.81196349999999
11.0009844,-74.8157758
11.0009844,-74.8157758
11.0089414,-74.8160856
11.0089414,-74.8160856
11.0210478,-74.8118413
11.0210478,-74.8118413
11.0182199,-74.8156552
11.0182199,-74.8156552
11.0059384,-74.8243944
11.0059384,-74.8243944
4.6845267,-74.07149199999999
4.6845267,-74.07149199999999
11.0175414,-74.8213909
11.0175414,-74.8213909
,
,
11.0206001,-74.8236841
11.0206001,-74.8236841
,
,
10.9318338,-74.800612
10.9318338,-74.800612
3.4532655,-76.5237061
3.4532655,-76.5237061
4.6916731,-74.0589694
4.6916731,-74.0589694
,
,
,
,
3.3960065,-76.5053913
3.3960065,-76.5053913
,
,
10.6068726,-71.6633801
10.6068726,-71.6633801
20.6469022,-87.0590815
20.6469022,-87.0590815
4.6584046,-74.07331780000001
4.6584046,-74.07331780000001
19.843565,-90.5371462
19.843565,-90.5371462
40.7767017,-73.9635577
,
6.237828299999999,-75.5570499
6.237828299999999,-75.5570499
10.9852283,-74.822794
10.9852283,-74.822794
10.9812108,-74.79263569999999
10.9812108,-74.79263569999999
10.9868854,-74.81999139999999
10.9868854,-74.81999139999999
10.9865676,-74.8162617
40.7736394,-73.9558319
40.7736394,-73.9558319
40.7736394,-73.9558319
40.7736394,-73.9558319
10.9976799,-74.8204842
10.9976799,-74.8204842
,
,
10.9976799,-74.8204842
10.9976799,-74.8204842
4.618379099999999,-74.1100683
,
,
4.6429218,-74.0658792
4.6429218,-74.0658792
14.5725799,-90.550195
14.5725799,-90.550195
,
,
,
,
4.6837105,-74.0586916
4.6837105,-74.0586916
11.0059281,-74.8293754
11.0059281,-74.8293754
10.9968087,-74.81006810000001
11.005801,-74.82930859999999
11.005801,-74.82930859999999
4.6779804,-74.07352689999999
,
,
6.2655157,-75.5563912
4.6663781,-74.0573908
10.3073057,123.8972892
10.3073057,123.8972892
4.6659874,-74.05488190000001
4.6659874,-74.05488190000001
10.9470515,-74.8127469
10.9470515,-74.8127469
,
,
4.6851115,-74.092674
4.6851115,-74.092674
11.0226155,-74.80809049999999
11.0226155,-74.80809049999999
,
,
,
,
3.4435691,-76.5342926
3.4435691,-76.5342926
,
11.0161065,-74.7953998
11.0161065,-74.7953998
10.9906661,-74.7798054
10.9906661,-74.7798054
10.9712404,-74.8108971
10.9712404,-74.8108971
11.0012577,-74.78435
11.0012577,-74.78435
3.4455151,-76.5468824
3.4455151,-76.5468824
,
,
10.9232564,-74.8014046
10.9232564,-74.8014046
10.9232564,-74.8014046
4.6321366,-74.0606555
-11.9372833,-77.0799236
-11.9372833,-77.0799236
-11.9372833,-77.0799236
-11.9372833,-77.0799236
10.9455758,-74.7977441
11.0263731,-74.8037791
11.0263731,-74.8037791
,
,
,
,
,
,
,
10.9945533,-74.8387792
10.9945533,-74.8387792
,
,
,
,
10.9953478,-74.8066785
10.9953478,-74.8066785
10.9511312,-74.8332813
10.9511312,-74.8332813
10.9511312,-74.8332813
10.9908161,-74.8056504
,
,
,
,
,
-11.8704028,-77.1182202
-11.8704028,-77.1182202
-11.8704028,-77.1182202
-11.8704028,-77.1182202
,
,
,
5.546771,-73.3498018
5.546771,-73.3498018
40.7756535,0.6733424
40.7756535,0.6733424
4.6822503,-74.0491008
10.9592685,-74.785127
10.9592685,-74.785127
10.9652382,-74.78276610000002
10.9652382,-74.78276610000002
10.9703976,-74.7844122
10.9770022,-74.77676579999999
10.9770022,-74.77676579999999
,
,
10.9835482,-74.7758895
10.9835482,-74.7758895
10.9468954,-74.78472099999999
10.9468954,-74.78472099999999
10.0707147,-69.3196215
10.0707147,-69.3196215
,
,
,
10.9609415,-74.7912068
10.9609415,-74.7912068
18.5071014,-69.9065208
18.5071014,-69.9065208
,
,
,
,
18.4842508,-69.9270007
18.4842508,-69.9270007
18.4842508,-69.9270007
,
,
6.2386741,-75.5557918
18.4842508,-69.9270007
4.6346591,-74.0637705
4.6346591,-74.0637705
7.7462853,-72.22877369999999
7.7462853,-72.22877369999999
10.9228263,-74.8052475
20.9641746,-89.6236794
20.9641746,-89.6236794
10.9700013,-74.8049534
10.9700013,-74.8049534
4.6528157,-74.0680031
4.6528157,-74.0680031
4.6587961,-74.07461239999999
3.4387166,-76.5049979
3.4387166,-76.5049979
10.9769472,-74.8086318
10.9769472,-74.8086318
4.6097935,-74.1938853
4.6097935,-74.1938853
11.0029041,-74.8024415
11.0029041,-74.8024415
10.996039,-74.8089005
10.996039,-74.8089005
4.6891726,-74.0902895
4.6891726,-74.0902895
6.1518273,-75.620637
6.1518273,-75.620637
4.678273799999999,-74.0830416
4.678273799999999,-74.0830416
4.6669518,-74.0652353
,
11.0004891,-74.8082191
11.0004891,-74.8082191
11.0004891,-74.8082191
10.9971593,-74.8154869
10.9971593,-74.8154869
4.6662846,-74.0553113
11.0109828,-74.8109676
11.0109828,-74.8109676
11.0073463,-74.81603009999999
10.9681808,-74.8296522
10.9604804,-74.8266627
,
4.6772092,-74.0584725
,
,
4.675402099999999,-74.0498095
4.675402099999999,-74.0498095
4.6845267,-74.07149199999999
4.6845267,-74.07149199999999
4.6391808,-74.1581789
4.6391808,-74.1581789
,
4.637732,-74.065503
,
,
,
10.9230761,-74.8008679
10.9230761,-74.8008679
,
,
,
,
10.9569406,-74.7991576
10.9569406,-74.7991576
,
,
,
8.2435447,-73.3542268
10.9687211,-74.8081191
10.9687211,-74.8081191
4.6395186,-74.0729887
4.6395186,-74.0729887
20.9459428,-89.6269743
20.9459428,-89.6269743
4.6568722,-74.0732153
10.0764238,-69.3261269
6.2089522,-75.5595162
6.2089522,-75.5595162
40.7475461,14.4952251
40.7475461,14.4952251
,
10.9783013,-74.782022
6.2999081,-75.545166
6.2999081,-75.545166
10.9962025,-74.7980303
10.9856434,-74.8126623
10.9856434,-74.8126623
,
,
4.6442477,-74.0828253
4.6442477,-74.0828253
,
,
10.9360601,-74.8014915
14.6137315,-90.5340672
14.6137315,-90.5340672
,
,
6.2722449,-75.5510341
6.2722449,-75.5510341
6.2722449,-75.5510341
,
,
,
4.6292144,-74.0681672
4.6292144,-74.0681672
,
,
10.9900338,-74.80419049999999
10.9900338,-74.80419049999999
6.323525399999999,-75.5472327
6.323525399999999,-75.5472327
3.4055678,-76.5067766
,
,
,
6.2727849,-75.5541313
6.2727849,-75.5541313
11.0039736,-74.8246226
11.0039736,-74.8246226
10.9949426,-74.8058902
10.9949426,-74.8058902
40.7540127,-73.9825927
40.7540127,-73.9825927
7.106970599999999,-73.1059518
7.106970599999999,-73.1059518
10.996039,-74.8089005
10.996039,-74.8089005
11.010132,-74.8329115
10.9992924,-74.80437549999999
10.9992924,-74.80437549999999
6.221621,-75.5808004
6.221621,-75.5808004
11.0102024,-74.8151565
11.0102024,-74.8151565
,
,
,
11.0128521,-74.8162237
11.0128521,-74.8162237
,
,
4.6321366,-74.0606555
4.6321366,-74.0606555
11.0125739,-74.825106
11.0125739,-74.825106
10.9458478,-74.7941068
10.9458478,-74.7941068
,
,
,
,
,
18.4975034,-69.9252131
18.4975034,-69.9252131
10.9714351,-74.8227983
29.3708857,-100.8958674
29.3708857,-100.8958674
11.0161065,-74.7953998
11.0161065,-74.7953998
11.0161065,-74.7953998
11.0161065,-74.7953998
,
,
10.995709,-74.8391889
10.995709,-74.8391889
,
,
10.9441967,-74.82653210000001
10.9441967,-74.82653210000001
,
-19.5753338,-65.7655678
-19.5753338,-65.7655678
10.9543408,-74.83545219999999
,
4.6878086,-74.058438
4.6878086,-74.058438
4.6948199,-74.0621124
4.6948199,-74.0621124
,
,
,
,
,
,
,
,
,
,
,
,
,
,
,
4.5814024,-74.0842688
4.5814024,-74.0842688
,
,
4.7272889,-74.076729
4.7272889,-74.076729
4.5818663,-74.0944036
4.5818663,-74.0944036
,
,
,
,
-11.8704028,-77.1182202
-11.8704028,-77.1182202
-11.8704028,-77.1182202
10.9474349,-74.7826127
4.6045277,-74.06950669999999
4.6150744,-74.08420319999999
4.6889793,-74.0347706
40.7756535,0.6733424
10.9480197,-74.7859095
3.4387166,-76.5049979
,
10.9622783,-74.7839898
10.9622783,-74.7839898
,
,
,
,
4.6760655,-74.0467558
4.6760655,-74.0467558
10.9625009,-74.7878956
,
18.5071014,-69.9065208
18.5071014,-69.9065208
7.114421999999999,-73.125535
7.114421999999999,-73.125535
10.9612996,-74.7932724
10.9612996,-74.7932724
4.6355577,-74.0735871
4.6355577,-74.0735871
8.9772797,-79.5323708
8.9772797,-79.5323708
4.6388471,-74.0691888
4.6388471,-74.0691888
4.6388471,-74.0691888
4.6388471,-74.0691888
,
,
10.9248876,-74.8149284
4.641222,-74.07131079999999
4.641222,-74.07131079999999
10.9708477,-74.7984597
10.9708477,-74.7984597
4.6298691,-74.116131
4.6298691,-74.116131
,
,
,
6.343231100000001,-75.5706743
6.343231100000001,-75.5706743
19.843618,-90.5372294
19.843618,-90.5372294
4.6486987,-74.0696465
4.6486987,-74.0696465
4.6751904,-74.1034658
4.6751904,-74.1034658
10.9658905,-74.8109025
10.9658905,-74.8109025
10.9771576,-74.810555
10.9771576,-74.810555
4.6763033,-74.0846175
4.6763033,-74.0846175
10.9954488,-74.80782769999999
10.9954488,-74.80782769999999
11.0017048,-74.8072116
11.0017048,-74.8072116
4.6669518,-74.0652353
11.0005299,-74.8107706
11.0005299,-74.8107706
11.0230614,-74.8009141
11.0230614,-74.8009141
11.0087609,-74.8139834
11.0087609,-74.8139834
11.0119004,-74.8107981
11.0119004,-74.8107981
10.9902571,-74.8280102
10.9902571,-74.8280102
11.0077272,-74.8193648
11.0077272,-74.8193648
10.9610244,-74.82705349999999
10.9610244,-74.82705349999999
,
11.0000093,-74.8261754
11.0000093,-74.8261754
4.679391400000001,-74.0665824
4.5814024,-74.0842688
4.5814024,-74.0842688
11.015294,-74.8179064
11.015294,-74.8179064
4.6781077,-74.0545201
4.6781077,-74.0545201
11.0050634,-74.8267964
11.0050634,-74.8267964
11.0156034,-74.8206575
4.6854063,-74.0619556
4.6854063,-74.0619556
4.683411,-74.0494297
,
,
,
4.6822503,-74.0491008
4.6822503,-74.0491008
,
,
10.9228263,-74.8052475
10.9228263,-74.8052475
10.9228263,-74.8052475
10.0565093,-69.3512411
10.0565093,-69.3512411
,
,
10.9963538,-74.8215387
10.9963538,-74.8215387
10.9695087,-74.7986026
10.9695087,-74.7986026
4.6221516,-74.0756166
4.6221516,-74.0756166
10.9784691,-74.82584229999999
6.241441699999999,-75.5524739
6.241441699999999,-75.5524739
4.5916321,-74.1220848
6.209435999999999,-75.567415
6.209435999999999,-75.567415
,
,
3.423742,-76.5448183
3.423742,-76.5448183
21.1454296,-86.8776706
21.1454296,-86.8776706
,
,
18.5024114,-69.8979332
18.5024114,-69.8979332
,
,
4.625573,-74.1001928
4.625573,-74.1001928
10.9908161,-74.8056504
10.9908161,-74.8056504
,
,
,
,
6.2527513,-75.5597898
6.2527513,-75.5597898
10.9825329,-74.7754351
10.9825329,-74.7754351
6.2555984,-75.5798692
6.2555984,-75.5798692
,
,
6.152793399999999,-75.6159842
6.152793399999999,-75.6159842
6.152793399999999,-75.6159842
11.0170072,-74.8597631
11.0170072,-74.8597631
6.274421200000001,-75.5631532
6.274421200000001,-75.5631532
6.221621,-75.5808004
4.6891726,-74.0902895
4.6891726,-74.0902895
11.0122599,-74.82208179999999
11.0069884,-74.80164839999999
11.0069884,-74.80164839999999
,
,
6.288804499999999,-75.5704907
6.288804499999999,-75.5704907
4.6851115,-74.092674
4.6851115,-74.092674
10.9262243,-74.81438109999999
10.9262243,-74.81438109999999
10.6581938,-71.6645072
10.6581938,-71.6645072
,
,
,
4.5978061,-74.100719
,
3.3973307,-76.5157583
3.3973307,-76.5157583
11.0115886,-74.8298203
11.0115886,-74.8298203
11.0139613,-74.80960449999999
11.0139613,-74.80960449999999
10.9562628,-74.8179043
10.9562628,-74.8179043
,
,
11.0012577,-74.78435
11.0012577,-74.78435
11.0161065,-74.7953998
11.0161065,-74.7953998
,
,
,
,
